0.000	6.310	-28.720	52.820
0.010	6.110	-28.820	53.120
0.020	5.410	-28.220	53.920
0.030	5.310	-28.920	61.820
0.040	5.210	-28.620	76.120
0.050	4.710	-28.920	92.220
0.060	4.310	-28.720	108.420
0.070	4.110	-28.720	125.620
0.080	3.510	-28.520	143.720
0.090	3.410	-29.020	160.620
0.100	2.610	-28.520	182.220
0.110	2.510	-29.120	195.120
0.120	1.810	-28.920	215.920
0.130	2.010	-29.020	233.520
0.140	1.410	-28.920	245.420
0.150	0.410	-28.720	267.520
0.160	0.810	-29.420	285.520
0.170	0.010	-28.920	302.020
0.180	0.010	-29.020	314.520
0.190	-0.690	-29.020	331.820
0.200	-0.890	-28.420	348.920
0.210	-1.490	-29.220	365.320
0.220	-1.990	-29.220	382.320
0.230	-2.590	-28.820	404.820
0.240	-2.690	-28.720	420.920
0.250	-3.090	-28.920	438.320
0.260	-3.490	-28.820	455.420
0.270	-4.090	-29.220	472.020
0.280	-4.290	-28.920	490.020
0.290	-4.990	-29.420	506.820
0.300	-5.390	-29.520	523.920
0.310	-5.490	-28.920	540.520
0.320	-6.090	-29.120	558.320
0.330	-7.090	-29.020	576.020
0.340	-6.990	-29.220	596.820
0.350	-6.990	-29.020	609.820
0.360	-7.690	-28.920	631.120
0.370	-8.090	-28.920	647.020
0.380	-7.690	-28.920	660.820
0.390	-8.890	-29.220	681.020
0.400	-9.390	-29.220	694.420
0.410	-9.390	-29.120	711.920
0.420	-9.690	-28.820	727.720
0.430	-10.590	-29.320	745.720
0.440	-10.890	-29.420	763.120
0.450	-11.690	-29.120	779.620
0.460	-11.690	-28.820	798.020
0.470	-12.190	-29.220	819.820
0.480	-12.790	-29.120	835.420
0.490	-13.190	-29.320	853.220
0.500	-13.490	-29.420	870.920
0.510	-13.990	-29.220	887.020
0.520	-14.590	-29.220	904.020
0.530	-14.590	-29.420	921.720
0.540	-14.790	-29.420	938.820
0.550	-15.390	-29.520	955.420
0.560	-15.790	-29.320	971.720
0.570	-16.590	-29.320	990.520
0.580	-16.390	-29.020	1010.920
0.590	-16.890	-29.320	1023.220
0.600	-17.590	-29.520	1045.120
0.610	-18.090	-29.620	1063.620
0.620	-18.390	-29.620	1076.220
0.630	-18.790	-29.720	1093.120
0.640	-18.990	-29.320	1109.220
0.650	-19.390	-29.420	1127.920
0.660	-19.690	-29.720	1143.720
0.670	-20.290	-29.520	1162.120
0.680	-20.990	-30.020	1182.320
0.690	-21.590	-29.920	1196.020
0.700	-21.790	-30.020	1213.720
0.710	-22.090	-30.320	1234.820
0.720	-22.390	-30.320	1247.420
0.730	-23.090	-30.520	1268.520
0.740	-23.090	-30.320	1285.420
0.750	-23.490	-30.920	1304.120
0.760	-24.090	-30.520	1320.720
0.770	-24.190	-30.520	1338.720
0.780	-24.790	-30.620	1355.120
0.790	-25.190	-30.820	1372.920
0.800	-25.890	-31.220	1390.720
0.810	-26.190	-31.120	1411.020
0.820	-26.790	-31.120	1424.120
0.830	-26.390	-31.220	1436.420
0.840	-27.190	-31.620	1458.220
0.850	-27.390	-31.420	1477.020
0.860	-28.390	-31.320	1492.920
0.870	-28.590	-31.220	1509.920
0.880	-29.190	-31.520	1527.520
0.890	-29.390	-31.420	1544.920
0.900	-29.890	-31.320	1562.120
0.910	-30.090	-31.520	1579.320
0.920	-30.590	-31.220	1598.720
0.930	-30.890	-30.920	1613.520
0.940	-31.590	-31.620	1632.720
0.950	-31.690	-31.920	1652.220
0.960	-32.090	-31.520	1665.420
0.970	-32.790	-31.820	1687.820
0.980	-32.790	-32.220	1705.320
0.990	-33.790	-32.320	1721.320
