0.000	5.310	-25.320	56.220
0.010	5.310	-25.220	56.220
0.020	5.310	-24.920	57.120
0.030	5.810	-39.720	56.820
0.040	6.510	-58.420	57.320
0.050	7.810	-77.620	57.220
0.060	8.310	-97.820	57.920
0.070	8.910	-117.820	58.020
0.080	9.210	-137.720	57.120
0.090	10.010	-156.720	58.320
0.100	11.110	-176.520	58.220
0.110	11.410	-197.220	58.420
0.120	12.710	-221.220	58.520
0.130	13.210	-236.520	58.820
0.140	14.010	-256.720	59.220
0.150	14.710	-276.520	59.220
0.160	15.310	-296.820	58.920
0.170	16.310	-316.020	59.920
0.180	16.810	-336.020	59.920
0.190	18.410	-355.720	59.820
0.200	19.210	-380.220	59.820
0.210	19.410	-396.020	61.020
0.220	20.610	-415.820	61.420
0.230	21.810	-440.620	61.520
0.240	22.510	-455.520	61.220
0.250	23.310	-479.420	61.820
0.260	24.010	-499.820	62.620
0.270	24.510	-519.720	62.220
0.280	25.110	-539.820	63.420
0.290	26.610	-559.520	62.820
0.300	27.910	-580.120	63.520
0.310	28.710	-599.320	64.720
0.320	29.910	-619.220	64.520
0.330	31.210	-643.820	65.120
0.340	31.610	-658.720	65.320
0.350	32.610	-672.520	65.420
0.360	34.110	-698.320	65.720
0.370	34.610	-718.420	65.920
0.380	35.810	-737.920	66.320
0.390	36.610	-758.920	66.220
0.400	37.510	-779.120	66.720
0.410	38.710	-798.920	67.220
0.420	39.510	-818.620	68.020
0.430	41.110	-837.920	69.020
0.440	42.010	-857.820	69.320
0.450	43.010	-877.920	69.020
0.460	44.110	-902.020	69.120
0.470	45.610	-921.920	70.220
0.480	46.610	-937.020	70.520
0.490	47.210	-961.220	69.520
0.500	48.510	-981.420	71.120
0.510	49.510	-1001.220	70.920
0.520	50.510	-1020.720	71.620
0.530	51.610	-1040.420	71.620
0.540	52.910	-1060.820	72.120
0.550	54.110	-1081.020	72.220
0.560	54.910	-1096.120	72.220
0.570	56.210	-1120.520	72.620
0.580	57.410	-1134.420	72.520
0.590	58.510	-1159.920	73.720
0.600	59.910	-1179.920	73.820
0.610	60.910	-1194.620	74.420
0.620	62.210	-1219.720	73.720
0.630	63.510	-1239.520	69.820
0.640	64.910	-1259.620	74.920
0.650	65.810	-1279.420	74.420
0.660	66.810	-1298.420	75.520
0.670	68.510	-1318.320	76.220
0.680	70.110	-1338.820	76.920
0.690	71.210	-1358.520	76.020
0.700	72.710	-1383.020	77.720
0.710	74.410	-1402.720	77.120
0.720	75.410	-1418.320	78.020
0.730	76.810	-1441.920	80.220
0.740	77.910	-1461.420	79.320
0.750	80.010	-1480.620	79.520
0.760	80.910	-1500.420	80.420
0.770	83.010	-1520.220	80.520
0.780	84.110	-1536.120	81.120
0.790	84.910	-1554.720	83.720
0.800	86.310	-1574.820	83.220
0.810	88.010	-1599.320	82.320
0.820	89.210	-1614.520	83.520
0.830	91.510	-1637.820	84.720
0.840	93.010	-1658.020	86.620
0.850	94.210	-1672.720	85.320
0.860	96.110	-1697.620	89.020
0.870	97.410	-1716.620	90.720
0.880	99.110	-1736.720	91.820
0.890	100.510	-1755.720	87.620
0.900	102.610	-1775.020	90.320
0.910	103.910	-1794.820	93.120
0.920	105.510	-1815.420	92.820
0.930	107.810	-1833.520	94.320
0.940	109.710	-1857.120	94.620
0.950	111.010	-1873.420	94.220
0.960	113.110	-1895.720	93.420
0.970	115.210	-1915.120	92.620
0.980	116.810	-1934.920	97.020
0.990	118.810	-1954.620	95.820
