0.000	6.110	-9.120	56.120
0.010	6.610	-8.920	55.820
0.020	6.110	-9.120	55.120
0.030	12.210	-9.220	55.520
0.040	21.310	-9.320	55.820
0.050	31.610	-8.720	55.720
0.060	42.010	-8.620	55.820
0.070	52.710	-8.420	56.820
0.080	63.310	-8.120	55.420
0.090	71.110	-7.920	55.520
0.100	85.310	-7.520	56.420
0.110	92.510	-7.420	55.920
0.120	106.610	-7.420	56.420
0.130	117.510	-6.820	57.020
0.140	128.010	-6.920	57.020
0.150	139.510	-7.020	56.620
0.160	150.310	-6.420	57.320
0.170	161.210	-6.420	57.320
0.180	171.810	-6.220	57.320
0.190	181.510	-5.720	56.620
0.200	195.510	-5.720	57.020
0.210	203.210	-6.020	57.420
0.220	214.010	-5.420	57.720
0.230	227.910	-5.320	57.920
0.240	238.910	-4.520	58.120
0.250	249.410	-4.720	58.020
0.260	260.010	-4.820	57.320
0.270	271.110	-4.520	58.220
0.280	282.110	-4.220	58.820
0.290	292.710	-4.120	58.720
0.300	303.410	-4.020	57.820
0.310	310.910	-3.920	58.720
0.320	322.010	-4.120	57.720
0.330	332.310	-3.320	57.620
0.340	345.910	-3.220	58.120
0.350	353.510	-3.020	58.920
0.360	367.610	-2.420	58.120
0.370	378.510	-2.620	58.420
0.380	389.110	-2.520	58.320
0.390	399.710	-2.320	59.220
0.400	410.810	-2.520	58.620
0.410	421.210	-2.020	59.020
0.420	431.710	-1.620	58.820
0.430	442.910	-2.120	58.520
0.440	456.210	-1.520	58.520
0.450	464.010	-1.320	57.720
0.460	475.210	-1.320	59.620
0.470	488.610	-1.420	59.820
0.480	496.510	-1.120	59.720
0.490	509.410	-0.920	60.020
0.500	520.410	-0.720	60.120
0.510	531.210	-0.520	59.820
0.520	542.710	0.280	59.620
0.530	553.210	0.080	59.320
0.540	560.910	0.380	59.920
0.550	571.410	1.080	59.120
0.560	581.810	0.380	60.820
0.570	595.510	0.780	60.420
0.580	606.010	1.080	59.220
0.590	613.810	0.980	59.720
0.600	627.610	1.080	60.820
0.610	638.510	1.280	59.620
0.620	649.310	1.480	61.420
0.630	660.110	1.480	60.420
0.640	670.610	1.480	60.220
0.650	681.310	1.580	60.520
0.660	692.010	1.780	61.120
0.670	702.410	2.080	61.520
0.680	715.510	2.080	61.320
0.690	724.310	1.880	61.920
0.700	734.510	2.080	61.320
0.710	747.910	2.280	61.520
0.720	755.710	2.680	61.020
0.730	769.410	2.980	61.520
0.740	780.010	2.980	62.220
0.750	791.510	2.580	62.820
0.760	802.210	2.880	61.820
0.770	809.410	2.680	62.320
0.780	820.010	3.680	61.320
0.790	830.610	3.480	62.720
0.800	841.210	3.780	62.820
0.810	855.210	3.580	62.720
0.820	863.210	3.880	63.020
0.830	873.210	3.880	62.020
0.840	887.110	3.580	63.220
0.850	898.410	3.780	61.620
0.860	908.310	3.880	62.220
0.870	919.510	3.880	62.720
0.880	930.010	3.880	63.120
0.890	940.910	4.080	63.720
0.900	951.010	3.780	64.120
0.910	961.610	4.080	63.320
0.920	972.710	4.380	63.420
0.930	983.310	4.380	62.620
0.940	993.810	4.280	63.220
0.950	1007.210	4.280	63.520
0.960	1015.110	4.580	62.120
0.970	1028.310	4.380	63.420
0.980	1039.210	4.280	64.120
0.990	1047.010	4.580	64.420
