0.000	4.810	-9.920	47.720
0.010	4.410	-10.220	47.620
0.020	4.810	-10.320	48.620
0.030	5.110	-10.420	40.120
0.040	5.810	-10.220	22.920
0.050	6.110	-10.220	10.820
0.060	6.610	-10.820	-11.180
0.070	6.910	-10.420	-27.980
0.080	7.010	-10.720	-45.080
0.090	7.610	-10.320	-61.680
0.100	7.710	-10.420	-78.680
0.110	8.010	-10.420	-91.080
0.120	8.710	-10.420	-108.080
0.130	8.910	-10.420	-124.380
0.140	9.410	-10.320	-147.180
0.150	9.810	-10.220	-159.380
0.160	9.910	-10.120	-176.080
0.170	10.210	-10.320	-197.980
0.180	10.610	-9.620	-215.580
0.190	11.210	-9.920	-233.080
0.200	11.210	-9.920	-249.780
0.210	11.710	-10.020	-266.380
0.220	11.810	-9.720	-284.380
0.230	12.710	-9.720	-301.180
0.240	12.810	-9.820	-318.080
0.250	12.710	-10.520	-334.280
0.260	13.410	-10.320	-351.980
0.270	13.610	-10.020	-372.180
0.280	14.410	-9.820	-388.880
0.290	14.510	-10.420	-402.380
0.300	15.310	-10.220	-423.080
0.310	15.610	-10.120	-439.780
0.320	16.110	-10.120	-456.780
0.330	16.310	-9.820	-470.180
0.340	16.710	-10.120	-487.880
0.350	17.410	-9.820	-502.780
0.360	17.610	-9.920	-521.680
0.370	17.910	-9.820	-538.180
0.380	18.110	-9.820	-560.080
0.390	18.710	-10.320	-572.180
0.400	19.310	-10.220	-593.680
0.410	20.010	-9.920	-611.280
0.420	20.210	-9.720	-623.180
0.430	20.510	-9.820	-645.380
0.440	21.210	-9.620	-661.580
0.450	21.410	-9.820	-677.980
0.460	21.810	-9.620	-696.780
0.470	22.410	-9.220	-713.280
0.480	22.510	-9.420	-731.680
0.490	22.910	-9.220	-747.080
0.500	23.510	-9.320	-763.380
0.510	23.710	-8.920	-785.680
0.520	24.110	-9.020	-798.480
0.530	24.410	-9.320	-814.580
0.540	24.710	-9.220	-837.980
0.550	25.410	-8.620	-849.680
0.560	26.010	-8.820	-866.280
0.570	26.010	-8.620	-882.580
0.580	26.310	-8.620	-901.180
0.590	26.810	-8.420	-917.580
0.600	27.010	-8.420	-933.680
0.610	28.010	-8.420	-951.880
0.620	28.610	-8.120	-973.980
0.630	28.610	-8.320	-985.280
0.640	29.210	-8.220	-1006.480
0.650	29.710	-7.420	-1024.280
0.660	29.910	-8.220	-1036.580
0.670	31.010	-7.720	-1059.780
0.680	30.510	-7.720	-1074.780
0.690	31.110	-7.620	-1092.580
0.700	31.710	-7.220	-1108.680
0.710	31.910	-6.920	-1126.280
0.720	32.310	-7.320	-1143.180
0.730	33.110	-7.020	-1160.180
0.740	33.510	-7.220	-1177.780
0.750	33.910	-6.820	-1198.180
0.760	34.110	-6.720	-1212.580
0.770	34.510	-6.120	-1228.580
0.780	34.910	-6.520	-1247.080
0.790	34.910	-6.120	-1263.580
0.800	35.710	-6.120	-1281.080
0.810	36.210	-5.820	-1297.480
0.820	36.410	-5.820	-1314.180
0.830	36.810	-5.220	-1331.980
0.840	37.310	-5.720	-1349.180
0.850	37.310	-5.520	-1366.280
0.860	38.010	-5.620	-1384.780
0.870	38.910	-4.920	-1400.180
0.880	38.910	-5.320	-1422.380
0.890	39.410	-5.120	-1439.080
0.900	39.610	-5.120	-1451.580
0.910	40.710	-4.520	-1472.880
0.920	41.410	-4.820	-1489.280
0.930	41.210	-4.220	-1507.480
0.940	41.610	-4.720	-1525.180
0.950	41.810	-4.320	-1540.780
0.960	42.310	-4.420	-1558.780
0.970	42.610	-4.320	-1576.880
0.980	42.810	-3.920	-1592.680
0.990	43.910	-3.620	-1613.880
