0.000	6.910	-11.020	57.320
0.010	6.710	-10.720	56.220
0.020	6.310	-10.620	56.520
0.030	6.210	-10.720	56.720
0.040	6.710	-10.620	56.020
0.050	6.510	-10.520	57.420
0.060	6.310	-10.120	57.220
0.070	7.010	-11.120	57.520
0.080	6.610	-10.820	57.620
0.090	7.010	-10.720	57.520
0.100	6.910	-10.220	57.020
0.110	6.810	-10.220	56.720
0.120	6.510	-10.620	57.820
0.130	7.010	-10.020	57.220
0.140	6.510	-10.120	57.020
0.150	6.110	-10.720	57.320
0.160	6.410	-10.720	56.920
0.170	6.710	-10.920	57.220
0.180	6.910	-10.320	57.820
0.190	6.610	-10.820	58.220
0.200	6.310	-10.420	57.720
0.210	6.510	-10.420	57.220
0.220	6.610	-9.920	57.120
0.230	6.910	-10.620	56.820
0.240	6.210	-10.620	57.120
0.250	6.510	-10.520	56.720
0.260	6.310	-10.520	57.920
0.270	6.510	-10.220	57.120
0.280	6.810	-10.620	57.820
0.290	6.210	-10.420	56.820
0.300	6.810	-10.620	57.420
0.310	6.810	-10.620	56.720
0.320	6.710	-9.820	57.220
0.330	6.610	-9.820	56.920
0.340	6.210	-10.020	57.320
0.350	6.110	-10.320	56.620
0.360	6.310	-10.020	56.420
0.370	6.510	-10.220	56.220
0.380	6.510	-10.020	56.720
0.390	6.710	-10.420	57.720
0.400	6.210	-10.420	56.120
0.410	6.610	-10.520	56.920
0.420	6.910	-10.620	56.720
0.430	6.610	-10.320	56.520
0.440	6.210	-10.720	57.620
0.450	6.810	-10.220	56.720
0.460	6.910	-10.220	57.420
0.470	6.810	-10.620	56.620
0.480	6.610	-10.720	57.420
0.490	6.710	-10.420	57.420
0.500	6.310	-10.720	57.720
0.510	6.510	-10.620	56.520
0.520	6.210	-11.020	56.120
0.530	6.410	-10.920	56.520
0.540	6.710	-10.620	56.420
0.550	6.610	-10.720	57.020
0.560	6.310	-10.820	56.320
0.570	7.010	-10.520	57.020
0.580	6.910	-10.520	57.320
0.590	6.410	-9.720	57.520
0.600	6.110	-10.720	57.420
0.610	6.510	-11.120	56.920
0.620	6.410	-10.320	57.020
0.630	6.510	-10.620	57.120
0.640	6.710	-10.420	56.120
0.650	6.810	-10.920	57.020
0.660	6.410	-10.220	56.520
0.670	6.110	-10.720	57.620
0.680	6.210	-10.520	57.120
0.690	6.410	-10.820	56.720
0.700	6.210	-10.920	57.220
0.710	6.910	-10.820	57.120
0.720	6.710	-10.620	56.720
0.730	6.310	-10.620	56.720
0.740	6.210	-10.720	56.820
0.750	6.310	-10.420	56.620
0.760	6.310	-10.120	57.520
0.770	6.710	-10.420	57.520
0.780	6.610	-9.920	56.520
0.790	6.410	-10.320	57.120
0.800	6.210	-10.320	58.220
0.810	6.010	-10.820	56.820
0.820	6.410	-10.620	57.220
0.830	6.510	-10.720	57.120
0.840	6.610	-10.620	57.320
0.850	6.510	-10.520	56.720
0.860	6.610	-10.420	56.920
0.870	6.310	-10.420	56.320
0.880	6.310	-10.520	56.920
0.890	6.510	-10.420	57.120
0.900	6.410	-10.720	57.220
0.910	6.510	-10.220	57.620
0.920	6.110	-10.320	56.520
0.930	5.910	-10.120	56.820
0.940	6.310	-10.520	57.220
0.950	6.410	-10.120	56.720
0.960	6.210	-10.120	56.720
0.970	6.210	-10.320	56.920
0.980	6.710	-10.320	57.520
0.990	6.310	-10.420	57.020
