0.000	0.110	-10.620	56.020
0.010	0.410	-10.520	55.620
0.020	0.410	-10.620	56.420
0.030	-6.290	-10.520	57.020
0.040	-14.990	-10.820	55.820
0.050	-24.790	-11.220	55.420
0.060	-32.690	-11.220	56.420
0.070	-43.090	-11.520	55.720
0.080	-57.090	-12.320	55.920
0.090	-67.590	-12.020	55.620
0.100	-75.190	-12.120	55.620
0.110	-89.490	-12.320	56.320
0.120	-100.190	-12.320	55.120
0.130	-111.090	-12.520	56.420
0.140	-121.990	-13.020	56.220
0.150	-132.990	-13.520	54.820
0.160	-143.490	-13.820	55.220
0.170	-154.390	-13.820	54.920
0.180	-164.590	-14.220	55.220
0.190	-175.490	-14.320	55.220
0.200	-186.590	-14.720	54.020
0.210	-199.590	-15.020	55.120
0.220	-210.690	-15.120	53.820
0.230	-218.890	-15.420	55.120
0.240	-231.890	-15.620	53.820
0.250	-242.990	-15.820	55.220
0.260	-253.790	-15.920	53.820
0.270	-264.590	-16.520	54.320
0.280	-272.390	-16.420	53.720
0.290	-283.390	-16.520	54.920
0.300	-294.490	-16.920	53.720
0.310	-305.290	-17.320	53.920
0.320	-319.390	-17.720	53.220
0.330	-326.790	-17.520	52.820
0.340	-337.690	-17.920	53.520
0.350	-351.790	-18.620	52.920
0.360	-359.490	-18.520	54.120
0.370	-373.290	-18.520	53.220
0.380	-383.890	-19.120	52.420
0.390	-394.790	-19.220	53.420
0.400	-405.190	-19.620	52.920
0.410	-416.090	-19.720	52.320
0.420	-426.690	-20.320	52.820
0.430	-438.090	-20.920	52.320
0.440	-448.590	-21.120	52.520
0.450	-462.490	-21.220	53.420
0.460	-473.390	-21.120	51.920
0.470	-481.290	-21.420	52.420
0.480	-495.090	-21.820	52.020
0.490	-505.890	-22.420	51.820
0.500	-516.790	-22.620	51.720
0.510	-524.490	-22.720	50.920
0.520	-535.590	-22.720	52.020
0.530	-546.590	-23.220	51.720
0.540	-557.490	-23.020	50.920
0.550	-567.990	-23.720	52.120
0.560	-581.590	-24.020	51.820
0.570	-589.890	-24.220	51.420
0.580	-603.390	-24.320	51.020
0.590	-613.990	-24.720	51.220
0.600	-621.990	-25.120	51.120
0.610	-636.490	-25.420	50.320
0.620	-646.890	-25.620	51.320
0.630	-657.690	-26.020	50.620
0.640	-668.390	-26.420	51.320
0.650	-678.890	-26.320	50.920
0.660	-690.590	-27.020	51.020
0.670	-701.090	-27.220	49.920
0.680	-711.190	-27.420	50.020
0.690	-725.490	-27.620	50.120
0.700	-732.690	-27.820	50.220
0.710	-744.790	-28.420	49.620
0.720	-757.890	-28.520	49.520
0.730	-766.590	-29.020	49.120
0.740	-777.190	-28.820	49.420
0.750	-788.290	-29.420	49.020
0.760	-798.690	-29.620	48.920
0.770	-809.390	-29.320	48.720
0.780	-820.590	-30.320	49.120
0.790	-830.990	-30.520	48.520
0.800	-845.590	-30.820	49.220
0.810	-852.590	-31.120	48.320
0.820	-866.390	-31.620	48.020
0.830	-877.790	-31.720	49.020
0.840	-884.990	-31.820	48.720
0.850	-900.190	-32.020	48.420
0.860	-909.890	-32.820	48.420
0.870	-921.190	-32.720	47.920
0.880	-931.890	-33.020	48.120
0.890	-942.290	-33.020	48.020
0.900	-953.890	-33.620	48.420
0.910	-964.890	-34.220	47.420
0.920	-975.290	-34.020	47.320
0.930	-988.490	-33.920	47.520
0.940	-996.690	-34.320	48.720
0.950	-1008.090	-34.920	47.620
0.960	-1019.390	-34.820	47.020
0.970	-1026.690	-35.420	47.620
0.980	-1040.490	-35.320	47.420
0.990	-1051.890	-35.620	46.620
