0.000	4.910	-13.020	50.020
0.010	4.810	-12.420	49.220
0.020	4.610	-12.220	50.420
0.030	4.910	2.880	50.420
0.040	3.610	21.480	49.620
0.050	3.410	35.780	49.420
0.060	2.410	55.680	50.220
0.070	1.610	80.680	48.520
0.080	0.910	95.180	49.020
0.090	0.010	115.180	49.020
0.100	-0.590	139.880	48.420
0.110	-1.290	160.280	49.220
0.120	-2.090	180.280	48.420
0.130	-2.490	199.880	48.620
0.140	-3.290	219.680	48.820
0.150	-3.490	240.380	47.720
0.160	-4.290	260.280	47.920
0.170	-4.790	280.480	48.120
0.180	-5.490	299.680	47.120
0.190	-5.990	319.880	47.720
0.200	-6.490	343.980	46.920
0.210	-7.090	363.480	47.220
0.220	-7.790	379.080	47.320
0.230	-8.190	403.580	46.620
0.240	-9.090	423.580	46.920
0.250	-9.490	442.680	46.720
0.260	-10.090	463.080	46.420
0.270	-10.590	478.180	45.720
0.280	-10.890	498.280	45.820
0.290	-11.790	518.580	46.020
0.300	-12.190	538.480	43.820
0.310	-13.090	562.980	45.220
0.320	-13.590	577.480	45.120
0.330	-13.990	603.080	44.920
0.340	-14.890	622.380	44.520
0.350	-14.890	636.980	44.520
0.360	-15.390	662.080	44.220
0.370	-15.990	681.580	43.120
0.380	-16.690	701.280	43.320
0.390	-16.690	721.780	42.520
0.400	-17.090	741.380	44.320
0.410	-17.790	760.780	43.420
0.420	-18.590	780.980	43.820
0.430	-18.490	801.380	44.220
0.440	-19.290	825.680	43.920
0.450	-19.590	840.480	43.620
0.460	-20.390	860.680	43.320
0.470	-20.590	883.980	44.220
0.480	-21.190	904.280	43.620
0.490	-21.590	920.180	43.020
0.500	-22.190	939.380	43.220
0.510	-22.390	958.880	41.920
0.520	-22.790	979.480	42.720
0.530	-23.290	998.680	41.420
0.540	-23.390	1018.980	41.820
0.550	-23.890	1042.480	42.320
0.560	-24.290	1057.880	42.920
0.570	-25.090	1082.480	40.720
0.580	-25.390	1101.580	40.220
0.590	-25.490	1116.280	40.420
0.600	-26.490	1140.580	41.120
0.610	-26.590	1160.680	40.720
0.620	-26.990	1180.980	41.520
0.630	-27.090	1199.980	39.020
0.640	-27.490	1219.780	40.420
0.650	-27.990	1240.180	38.920
0.660	-27.890	1259.280	38.720
0.670	-28.590	1278.980	39.120
0.680	-28.790	1302.580	39.320
0.690	-29.090	1317.580	38.720
0.700	-29.290	1342.580	38.520
0.710	-29.890	1357.780	37.820
0.720	-29.990	1377.880	38.220
0.730	-30.490	1395.980	37.920
0.740	-30.490	1415.680	38.220
0.750	-31.090	1434.680	38.020
0.760	-31.190	1454.680	36.520
0.770	-31.790	1475.180	37.020
0.780	-32.190	1493.380	37.020
0.790	-31.990	1513.980	37.320
0.800	-32.790	1532.480	35.720
0.810	-32.890	1556.380	37.120
0.820	-33.090	1574.780	37.920
0.830	-33.690	1594.680	37.220
0.840	-33.990	1614.280	36.620
0.850	-34.290	1632.980	37.020
0.860	-34.690	1652.480	36.320
0.870	-34.390	1671.580	36.220
0.880	-35.290	1690.280	36.020
0.890	-34.990	1714.180	36.620
0.900	-35.290	1728.480	36.020
0.910	-35.590	1748.880	35.720
0.920	-35.890	1772.480	35.220
0.930	-35.990	1780.680	35.420
0.940	-36.590	1805.080	35.420
0.950	-36.790	1824.180	35.820
0.960	-37.090	1837.480	34.820
0.970	-36.790	1861.480	35.520
0.980	-37.290	1880.280	34.320
0.990	-37.290	1900.180	35.620
