0.000	12.210	11.680	-1.280
0.010	11.910	11.580	-0.480
0.020	11.710	10.880	-2.680
0.030	8.810	98.980	-0.980
0.040	0.410	332.280	1.620
0.050	-6.390	530.580	3.720
0.060	-11.990	729.880	3.420
0.070	-17.190	928.580	5.820
0.080	-21.490	1127.980	7.520
0.090	-25.690	1324.480	8.420
0.100	-29.590	1519.180	9.320
0.110	-33.390	1712.280	10.720
0.120	-37.190	1943.980	11.420
0.130	-39.390	2088.080	11.920
0.140	-42.290	2307.280	14.120
0.150	-44.290	2411.280	15.520
0.160	-45.390	2171.080	15.520
0.170	-46.890	184.180	15.620
0.180	-48.090	-1304.020	17.220
0.190	-49.190	-3049.020	18.920
0.200	-49.990	-3185.620	18.320
0.210	-50.590	-3185.620	18.820
0.220	-50.390	-3186.220	18.820
0.230	-50.690	-3184.920	19.920
0.240	-50.790	-3184.220	19.720
0.250	-50.890	-3185.620	18.820
0.260	-50.390	-3185.620	18.820
0.270	-50.790	-3185.620	18.920
0.280	-50.690	-3184.920	19.420
0.290	-50.790	-3185.620	19.220
0.300	-50.690	-3185.620	19.620
0.310	-50.490	-3186.220	19.420
0.320	-50.490	-3185.620	19.120
0.330	-50.790	-3185.620	20.420
0.340	-50.390	-3184.920	19.720
0.350	-50.490	-3184.920	17.720
0.360	-50.090	-3185.620	20.420
0.370	-50.290	-3186.220	18.820
0.380	-50.490	-3185.620	19.320
0.390	-50.590	-3185.620	19.620
0.400	-50.590	-3184.920	19.520
0.410	-50.490	-3186.220	19.820
0.420	-50.190	-3185.620	18.920
0.430	-50.390	-3186.220	18.620
0.440	-49.990	-3185.620	19.220
0.450	-50.390	-3186.220	19.420
0.460	-50.090	-3184.920	19.520
0.470	-50.490	-3185.620	18.720
0.480	-50.590	-3185.620	20.020
0.490	-50.390	-3185.620	19.720
0.500	-50.390	-3185.620	19.320
0.510	-50.590	-3185.620	20.220
0.520	-50.390	-3186.220	19.420
0.530	-50.290	-3184.920	19.120
0.540	-50.290	-3186.220	19.520
0.550	-50.090	-3186.220	19.520
0.560	-49.890	-3184.220	19.420
0.570	-50.190	-3186.220	18.620
0.580	-50.490	-3186.220	19.220
0.590	-50.090	-3185.620	18.820
0.600	-50.390	-3185.620	18.920
0.610	-50.290	-3186.920	18.520
0.620	-50.590	-3185.620	18.220
0.630	-50.490	-3185.620	18.820
0.640	-50.090	-3185.620	19.320
0.650	-50.390	-3185.620	18.820
0.660	-50.490	-3184.920	18.920
0.670	-50.290	-3184.920	18.720
0.680	-50.290	-3185.620	19.220
0.690	-50.490	-3186.920	19.120
0.700	-50.390	-3184.920	19.020
0.710	-50.290	-3184.920	19.520
0.720	-50.690	-3185.620	19.320
0.730	-50.290	-3185.620	18.420
0.740	-50.290	-3186.220	17.420
0.750	-50.590	-3185.620	18.520
0.760	-50.490	-3186.220	19.020
0.770	-50.390	-3185.620	19.420
0.780	-50.490	-3185.620	18.320
0.790	-50.990	-3186.220	18.720
0.800	-50.190	-3184.920	18.420
0.810	-50.090	-3185.620	18.820
0.820	-50.890	-3184.920	19.020
0.830	-50.790	-3186.220	19.020
0.840	-50.390	-3185.620	18.920
0.850	-50.590	-3186.920	19.320
0.860	-50.490	-3186.220	18.620
0.870	-50.490	-3185.620	20.220
0.880	-50.290	-3186.220	19.020
0.890	-50.690	-3185.620	18.520
0.900	-50.290	-3185.620	20.020
0.910	-50.390	-3185.620	19.120
0.920	-50.290	-3185.620	19.120
0.930	-50.490	-3184.920	19.420
0.940	-50.390	-3185.620	18.620
0.950	-50.290	-3184.920	18.820
0.960	-50.590	-3185.620	19.320
0.970	-50.290	-3185.620	19.020
0.980	-50.290	-3186.220	19.020
0.990	-50.290	-3184.920	19.320
